solid piston
  facet normal  0.000000e+000  0.000000e+000 -9.999999e-001
    outer loop
      vertex  4.547474e-013  0.000000e+000 -3.240382e+003
      vertex  5.048710e-029  3.500000e+002 -3.240382e+003
      vertex  2.289110e+001  3.492506e+002 -3.240382e+003
    endloop
  endfacet
  facet normal  0.000000e+000  -0.000000e+000 -9.999999e-001
    outer loop
      vertex  4.547474e-013  0.000000e+000 -3.240382e+003
      vertex  2.289110e+001  3.492506e+002 -3.240382e+003
      vertex  4.568417e+001  3.470057e+002 -3.240382e+003
    endloop
  endfacet
  facet normal  0.000000e+000  -0.000000e+000 -9.999999e-001
    outer loop
      vertex  4.547474e-013  0.000000e+000 -3.240382e+003
      vertex  4.568417e+001  3.470057e+002 -3.240382e+003
      vertex  6.828162e+001  3.432748e+002 -3.240382e+003
    endloop
  endfacet
  facet normal  0.000000e+000  -0.000000e+000 -1.000000e+000
    outer loop
      vertex  4.547474e-013  0.000000e+000 -3.240382e+003
      vertex  6.828162e+001  3.432748e+002 -3.240382e+003
      vertex  9.058666e+001  3.380740e+002 -3.240382e+003
    endloop
  endfacet
  facet normal  0.000000e+000  -0.000000e+000 -1.000000e+000
    outer loop
      vertex  4.547474e-013  0.000000e+000 -3.240382e+003
      vertex  9.058666e+001  3.380740e+002 -3.240382e+003
      vertex  1.125038e+002  3.314255e+002 -3.240382e+003
    endloop
  endfacet
  facet normal  0.000000e+000  -0.000000e+000 -1.000000e+000
    outer loop
      vertex  4.547474e-013  0.000000e+000 -3.240382e+003
      vertex  1.125038e+002  3.314255e+002 -3.240382e+003
      vertex  1.339392e+002  3.233578e+002 -3.240382e+003
    endloop
  endfacet
  facet normal  0.000000e+000  -0.000000e+000 -1.000000e+000
    outer loop
      vertex  4.547474e-013  0.000000e+000 -3.240382e+003
      vertex  1.339392e+002  3.233578e+002 -3.240382e+003
      vertex  1.548010e+002  3.139055e+002 -3.240382e+003
    endloop
  endfacet
  facet normal  0.000000e+000  -0.000000e+000 -9.999999e-001
    outer loop
      vertex  4.547474e-013  0.000000e+000 -3.240382e+003
      vertex  1.548010e+002  3.139055e+002 -3.240382e+003
      vertex  1.750000e+002  3.031089e+002 -3.240382e+003
    endloop
  endfacet
  facet normal  0.000000e+000  -0.000000e+000 -9.999999e-001
    outer loop
      vertex  4.547474e-013  0.000000e+000 -3.240382e+003
      vertex  1.750000e+002  3.031089e+002 -3.240382e+003
      vertex  1.944496e+002  2.910144e+002 -3.240382e+003
    endloop
  endfacet
  facet normal  0.000000e+000  -0.000000e+000 -1.000000e+000
    outer loop
      vertex  4.547474e-013  0.000000e+000 -3.240382e+003
      vertex  1.944496e+002  2.910144e+002 -3.240382e+003
      vertex  2.130665e+002  2.776737e+002 -3.240382e+003
    endloop
  endfacet
  facet normal  0.000000e+000  -0.000000e+000 -1.000000e+000
    outer loop
      vertex  4.547474e-013  0.000000e+000 -3.240382e+003
      vertex  2.130665e+002  2.776737e+002 -3.240382e+003
      vertex  2.307710e+002  2.631439e+002 -3.240382e+003
    endloop
  endfacet
  facet normal  0.000000e+000  -0.000000e+000 -1.000000e+000
    outer loop
      vertex  4.547474e-013  0.000000e+000 -3.240382e+003
      vertex  2.307710e+002  2.631439e+002 -3.240382e+003
      vertex  2.474874e+002  2.474874e+002 -3.240382e+003
    endloop
  endfacet
  facet normal  0.000000e+000  -0.000000e+000 -1.000000e+000
    outer loop
      vertex  4.547474e-013  0.000000e+000 -3.240382e+003
      vertex  2.474874e+002  2.474874e+002 -3.240382e+003
      vertex  2.631439e+002  2.307710e+002 -3.240382e+003
    endloop
  endfacet
  facet normal  0.000000e+000  -0.000000e+000 -1.000000e+000
    outer loop
      vertex  4.547474e-013  0.000000e+000 -3.240382e+003
      vertex  2.631439e+002  2.307710e+002 -3.240382e+003
      vertex  2.776737e+002  2.130665e+002 -3.240382e+003
    endloop
  endfacet
  facet normal  0.000000e+000  -0.000000e+000 -9.999999e-001
    outer loop
      vertex  4.547474e-013  0.000000e+000 -3.240382e+003
      vertex  2.776737e+002  2.130665e+002 -3.240382e+003
      vertex  2.910144e+002  1.944496e+002 -3.240382e+003
    endloop
  endfacet
  facet normal  0.000000e+000  -0.000000e+000 -9.999999e-001
    outer loop
      vertex  4.547474e-013  0.000000e+000 -3.240382e+003
      vertex  2.910144e+002  1.944496e+002 -3.240382e+003
      vertex  3.031089e+002  1.750000e+002 -3.240382e+003
    endloop
  endfacet
  facet normal  0.000000e+000  -0.000000e+000 -9.999999e-001
    outer loop
      vertex  4.547474e-013  0.000000e+000 -3.240382e+003
      vertex  3.031089e+002  1.750000e+002 -3.240382e+003
      vertex  3.139055e+002  1.548010e+002 -3.240382e+003
    endloop
  endfacet
  facet normal  0.000000e+000  -0.000000e+000 -1.000000e+000
    outer loop
      vertex  4.547474e-013  0.000000e+000 -3.240382e+003
      vertex  3.139055e+002  1.548010e+002 -3.240382e+003
      vertex  3.233578e+002  1.339392e+002 -3.240382e+003
    endloop
  endfacet
  facet normal  0.000000e+000  -0.000000e+000 -1.000000e+000
    outer loop
      vertex  4.547474e-013  0.000000e+000 -3.240382e+003
      vertex  3.233578e+002  1.339392e+002 -3.240382e+003
      vertex  3.314255e+002  1.125038e+002 -3.240382e+003
    endloop
  endfacet
  facet normal  0.000000e+000  -0.000000e+000 -1.000000e+000
    outer loop
      vertex  4.547474e-013  0.000000e+000 -3.240382e+003
      vertex  3.314255e+002  1.125038e+002 -3.240382e+003
      vertex  3.380740e+002  9.058666e+001 -3.240382e+003
    endloop
  endfacet
  facet normal  0.000000e+000  -0.000000e+000 -1.000000e+000
    outer loop
      vertex  4.547474e-013  0.000000e+000 -3.240382e+003
      vertex  3.380740e+002  9.058666e+001 -3.240382e+003
      vertex  3.432748e+002  6.828162e+001 -3.240382e+003
    endloop
  endfacet
  facet normal  0.000000e+000  -0.000000e+000 -9.999999e-001
    outer loop
      vertex  4.547474e-013  0.000000e+000 -3.240382e+003
      vertex  3.432748e+002  6.828162e+001 -3.240382e+003
      vertex  3.470057e+002  4.568417e+001 -3.240382e+003
    endloop
  endfacet
  facet normal  0.000000e+000  -0.000000e+000 -9.999999e-001
    outer loop
      vertex  4.547474e-013  0.000000e+000 -3.240382e+003
      vertex  3.470057e+002  4.568417e+001 -3.240382e+003
      vertex  3.492506e+002  2.289110e+001 -3.240382e+003
    endloop
  endfacet
  facet normal  0.000000e+000  -0.000000e+000 -9.999999e-001
    outer loop
      vertex  4.547474e-013  0.000000e+000 -3.240382e+003
      vertex  3.492506e+002  2.289110e+001 -3.240382e+003
      vertex  3.500000e+002  0.000000e+000 -3.240382e+003
    endloop
  endfacet
endsolid piston
